2 2
30 20 100
10 50 100
100 100

2 2
10 20 100
30 10 100
100 100

2 2
30 20 600
10 50 500
100 1000

2 2
30 1 600
1 30 500
100 1000

3 3
5 7 8 25
6 8 5 25
6 7 7 25
35 20 20

3 4
11 12 10 10 60
17 16 15 18 30
19 21 20 22 90
50 75 30 25

4 2
50 20 100
10 50 200
50 40 100
45 35 200
300 300

5 2
50 20 100
10 50 200
55 40 100
35 45 200
12 8 200
300 500

7 3
30 20 15 100
10 50 2 100
9 10 30 100
6 2 29 100
50 40 3 100
5 38 27 100
50 4 22 100
400 200 100

3 7
300 20 15 16 17 18 20 500
1 50 24 30 22 27 19 500
50 40 30 3 25 26 3 2500
500 500 500 500 500 500 500

20 10
1 2 3 4 5 6 7 8 9 10 10
11 12 13 14 15 16 17 18 19 20 20
21 22 23 24 25 26 27 28 29 30 30
31 32 33 34 35 36 37 38 39 40 40
41 41 43 44 45 46 47 48 49 50 50
51 52 53 54 55 56 57 58 59 60 60
61 62 63 64 65 66 67 68 69 70 70
71 72 73 74 75 76 77 78 79 80 80
81 82 83 84 85 86 87 88 89 90 90
91 92 93 94 95 96 97 98 99 100 100
101 102 103 104 105 106 107 108 109 110 110
111 112 113 114 115 116 117 118 119 120 120
121 122 123 124 125 126 127 128 129 130 130
131 132 133 134 135 136 137 138 139 140 140
141 142 143 144 145 146 147 148 149 150 150
151 152 153 154 155 156 157 158 159 160 160
161 162 163 164 165 166 167 168 169 170 170
171 172 173 174 175 176 177 178 179 180 180
181 182 183 184 185 186 187 188 189 190 190
191 192 193 194 195 196 197 198 199 200 200
120 140 160 180 200 220 240 260 280 300

10 16
186 185 184 183 182 181 180 179 178 177 176 175 174 173 172 171 160
166 165 164 163 162 161 160 159 158 157 156 155 154 153 152 151 160
156 155 154 153 152 151 150 149 148 147 146 145 144 143 142 141 160
136 135 134 133 132 131 130 129 128 127 126 125 124 123 122 121 160
116 115 114 113 112 111 110 109 108 107 106 105 104 103 102 101 160
96 95 94 93 92 91 90 89 88 87 86 85 84 83 82 81 160
76 75 74 73 72 71 70 69 68 67 66 65 64 63 62 61 160
56 55 54 53 52 51 50 49 48 47 46 45 44 43 42 41 160
36 35 34 33 32 31 30 29 28 27 26 25 24 23 22 21 160
16 15 14 13 12 11 10 9 8 7 6 5 4 3 2 1 160
100 100 100 100 100 100 100 100 100 100 100 100 100 100 100 100
